% -------------------------------------------------------------------
%  Generated by MATLAB on 18-Dec-2020 00:56:30
%  MATLAB version: 9.9.0.1495850 (R2020b) Update 1
% -------------------------------------------------------------------
                                      

I = 5;

Kf = 1;

PBmax = 1500;

Rr = 1.25;

TB = 0.01;

ctrl = 1;

g = 32.18;

m = 50;

mu = [0 0.4 0.8 0.97 1 0.98 0.96 0.94 0.92 0.9 0.88 0.855 0.83 0.81 0.79 ...
      0.77 0.75 0.73 0.72 0.71 0.7];

slip = [0 0.05 0.1 0.15000000000000002 0.2 0.25 0.30000000000000004 0.35000000000000003 ...
        0.4 0.45 0.5 0.55 0.6 0.64999999999999991 0.7 0.75 0.8 0.85 0.9 ...
        0.95 1];

v0 = 88;

